*****Tabela teste********* 

				dnanavegacao 		classif
1:                                             0     	NA
2:             0|752|1000|1001|769|26|71|957|880      	NA
3:       0|752|1000|1001|769|26|957|978|93|94|97      	NA
4:        0|752|1000|1001|769|26|957|978|186|192     	NA
5: 0|752|1000|1001|769|26|957|978|882|885|890|86      	NA

******************************************************

Comando: teste[dnanavegacao %like% '94']

Retorno: 
				dnanavegacao 		classif
1:       0|752|1000|1001|769|26|957|978|93|94|97      	NA

**********************************************************

Retorno esperado:


				dnanavegacao 		classif
1:                                             0     	N達o encontrado
2:             0|752|1000|1001|769|26|71|957|880      	N達o encontrado
3:       0|752|1000|1001|769|26|957|978|93|94|97      	Encontrado
4:        0|752|1000|1001|769|26|957|978|186|192     	N達o encontrado
5: 0|752|1000|1001|769|26|957|978|882|885|890|86      	N達o encontrado